# Page 78

Executive Directors share-based compensation (shares)
Share plan Tranche Grant date Vesting dateEnd of 
retention 
periodOutstanding at the 
beginning of 2024Granted Dividend reinvestment Vested ForfeitedOutstanding at 
the end of 2024Fair value per share 
at the grant date
Mike Kuehnel
2023Tranche 1 12-Jan-24 7-Mar-24 7-Mar-25  —  3,774  —  3,774  —  — 16.56
Tranche 2 12-Jan-24 2-Jan-25 2-Jan-26  —  3,774  28  —  —  3,802 16.56
Tranche 3 12-Jan-24 2-Jan-26 2-Jan-27  —  3,774  28  —  —  3,802 16.56
Tranche 4 12-Jan-24 2-Jan-27 2-Jan-28  —  3,774  28  —  —  3,802 16.56
2024 1Tranche 1 17-Jan-25 12-Mar-25 12-Mar-26  —  —  —  —  —  —  — 
Tranche 2 17-Jan-25 2-Jan-26 2-Jan-27  —  —  —  —  —  —  — 
Tranche 3 17-Jan-25 2-Jan-27 2-Jan-28  —  —  —  —  —  —  — 
Tranche 4 17-Jan-25 2-Jan-28 2-Jan-29  —  —  —  —  —  —  — 
Hermien Smeets-Flier
2023Tranche 1 12-Jan-24 7-Mar-24 7-Mar-25  —  3,019  —  3,019  —  — 16.56
Tranche 2 12-Jan-24 2-Jan-25 2-Jan-26  —  3,019  23  —  —  3,019 16.56
Tranche 3 12-Jan-24 2-Jan-26 2-Jan-27  —  3,019  23  —  —  3,019 16.56
Tranche 4 12-Jan-24 2-Jan-26 2-Jan-28  —  3,019  23  —  —  3,019 16.56
2024 1Tranche 1 17-Jan-25 12-Mar-25 12-Mar-26  —  —  —  —  —  —  — 
Tranche 2 17-Jan-25 2-Jan-26 2-Jan-27  —  —  —  —  —  —  — 
Tranche 3 17-Jan-25 2-Jan-26 2-Jan-28  —  —  —  —  —  —  — 
Tranche 4 17-Jan-25 2-Jan-27 2-Jan-29  —  —  —  —  —  —  — 
Owain Lloyd
2024 1Tranche 1 17-Jan-25 12-Mar-25 12-Mar-26  —  —  —  —  —  —  — 
Tranche 2 17-Jan-25 2-Jan-26 2-Jan-27  —  —  —  —  —  —  — 
Tranche 3 17-Jan-25 2-Jan-26 2-Jan-28  —  —  —  —  —  —  — 
Tranche 4 17-Jan-25 2-Jan-27 2-Jan-29  —  —  —  —  —  —  — 
Total Executive Directors 27,172 1536,793 — 20,463
General: Shares are granted at the gross amounts and will vest at the net amount (gross amount less tax)
1  The 2024 share scheme will only be known at the closure of the first open period (11 March 2025), where the average VWAP for the open period will be known as well as the exact number of shares granted to each Executive Director.
FLOW TRADERS  | ANNUAL REPORT 2024        77